%YAML:1.0
---
calibration_time: "Mon Apr 29 16:12:08 2019"
nframes: 8
image_width: 2000
image_height: 1125
board_width: 12
board_height: 6
square_size: 25.
flags: 0
camera_matrix: !!opencv-matrix
   rows: 3
   cols: 3
   dt: d
   data: [ 1.5621284315553469e+03, 0., 9.9531745685229419e+02, 0.,
       1.5629858065134160e+03, 5.4181661016529097e+02, 0., 0., 1. ]
distortion_coefficients: !!opencv-matrix
   rows: 5
   cols: 1
   dt: d
   data: [ 3.3186929343409627e-01, -1.5328976453608059e+00,
       -1.0555395111807473e-04, 5.3863533330160257e-05, 0. ]
avg_reprojection_error: 2.0961968363931782e-01
per_view_reprojection_errors: !!opencv-matrix
   rows: 8
   cols: 1
   dt: f
   data: [ 1.86176747e-01, 2.31389865e-01, 1.88835099e-01,
       2.10273847e-01, 2.38244951e-01, 2.34261230e-01, 1.98002025e-01,
       1.80562124e-01 ]
extrinsic_parameters: !!opencv-matrix
   rows: 8
   cols: 6
   dt: d
   data: [ -6.7839579545230358e-02, -2.8413596259791875e-02,
       -2.0696255576818562e-02, -1.4377354159792290e+02,
       -4.2675523103816154e+01, 5.7017279123393030e+02,

       -2.9809745066697652e-01, -3.6213650748004214e-02,
       -2.5078538207940988e-02, -1.4781758608256601e+02,
       -7.5233995937720763e+01, 5.6751818286167133e+02,

       1.4543155098030847e-01, -2.3375896293275626e-02,
       1.1030906273151850e-03, -1.7556508526511095e+02,
       -5.5616454309391692e+01, 6.1442943613562613e+02,

       -5.2359727485038858e-02, -3.6692718339929031e-01,
       -3.4915263576500197e-02, -9.2208456379855079e+01,
       -4.9301180933888901e+01, 5.6603131731116139e+02,

       -4.5239337104877743e-02, 2.8539422016841370e-01,
       1.6240589757769992e-02, -1.7619728412945352e+02,
       -5.8755030043836349e+01, 6.5219515869685256e+02,

       -3.8692043145121757e-01, 3.9390731819610086e-01,
       4.3239291544949869e-02, -1.4552652415830917e+02,
       -3.3527857886988372e+01, 6.6295979579250240e+02,

       8.9504810635738272e-02, -3.8002335443287266e-01,
       -4.9258616002890346e-02, -1.3347154891085609e+02,
       -2.4236531639973858e+01, 6.3209819844008939e+02,

       1.1083772115910340e-01, 2.4922431644644663e-01,
       1.9965641031681896e-02, -1.7868076868784436e+02,
       -2.5031675517866724e+01, 7.3962153121226743e+02 ]
image_points: !!opencv-matrix
   rows: 8
   cols: 72
   dt: "2f"
   data: [ 5.95352051e+02, 4.22821198e+02, 6.66137695e+02,
       4.21971436e+02, 7.36652893e+02, 4.21241730e+02, 8.06312622e+02,
       4.20470001e+02, 8.75509033e+02, 4.19549530e+02, 9.43662170e+02,
       4.18551941e+02, 1.01218774e+03, 4.17381042e+02, 1.07992981e+03,
       4.16065063e+02, 1.14835522e+03, 4.14589539e+02, 1.21655542e+03,
       4.13158478e+02, 1.28512817e+03, 4.11467377e+02, 1.35448669e+03,
       4.09883575e+02, 5.95847595e+02, 4.92397064e+02, 6.66793274e+02,
       4.91342407e+02, 7.37607971e+02, 4.90236145e+02, 8.07394104e+02,
       4.89038666e+02, 8.76665466e+02, 4.87921204e+02, 9.45224792e+02,
       4.86709717e+02, 1.01360779e+03, 4.85494446e+02, 1.08154077e+03,
       4.84224976e+02, 1.15014209e+03, 4.82707245e+02, 1.21845483e+03,
       4.81302307e+02, 1.28726904e+03, 4.79768707e+02, 1.35672327e+03,
       4.78281281e+02, 5.96294067e+02, 5.61728394e+02, 6.67450378e+02,
       5.60400146e+02, 7.38530945e+02, 5.58794067e+02, 8.08440857e+02,
       5.57496155e+02, 8.78007202e+02, 5.56078796e+02, 9.46562805e+02,
       5.54669312e+02, 1.01522729e+03, 5.53360352e+02, 1.08333105e+03,
       5.51951355e+02, 1.15191113e+03, 5.50552734e+02, 1.22053772e+03,
       5.49273254e+02, 1.28955884e+03, 5.47814880e+02, 1.35937903e+03,
       5.46568176e+02, 5.96484924e+02, 6.32118408e+02, 6.67733521e+02,
       6.30454590e+02, 7.39284241e+02, 6.28568787e+02, 8.09249023e+02,
       6.26739014e+02, 8.79196899e+02, 6.25113770e+02, 9.47710388e+02,
       6.23578491e+02, 1.01668726e+03, 6.22128906e+02, 1.08519690e+03,
       6.20692078e+02, 1.15410303e+03, 6.19446472e+02, 1.22280908e+03,
       6.18235413e+02, 1.29214563e+03, 6.16960754e+02, 1.36213086e+03,
       6.15707703e+02, 5.96423157e+02, 7.02586182e+02, 6.68132263e+02,
       7.00482605e+02, 7.39486633e+02, 6.98433044e+02, 8.09801941e+02,
       6.96427551e+02, 8.79955017e+02, 6.94480408e+02, 9.49194397e+02,
       6.92684753e+02, 1.01832990e+03, 6.91053833e+02, 1.08705212e+03,
       6.89682556e+02, 1.15630737e+03, 6.88391357e+02, 1.22549646e+03,
       6.87326904e+02, 1.29476465e+03, 6.86154175e+02, 1.36514795e+03,
       6.85080933e+02, 5.96430481e+02, 7.73901672e+02, 6.68118408e+02,
       7.71738586e+02, 7.39770935e+02, 7.69471802e+02, 8.10385864e+02,
       7.67194153e+02, 8.80737488e+02, 7.65069336e+02, 9.50319092e+02,
       7.63180298e+02, 1.01990863e+03, 7.61508301e+02, 1.08901721e+03,
       7.59916626e+02, 1.15863586e+03, 7.58759460e+02, 1.22811035e+03,
       7.57571777e+02, 1.29774402e+03, 7.56557495e+02, 1.36810010e+03,
       7.55396301e+02, 5.81546265e+02, 3.31172852e+02, 6.52665466e+02,
       3.30515564e+02, 7.23758484e+02, 3.30191986e+02, 7.93763672e+02,
       3.29665161e+02, 8.63578979e+02, 3.29277527e+02, 9.32432617e+02,
       3.28515320e+02, 1.00115387e+03, 3.27597778e+02, 1.06929431e+03,
       3.26558777e+02, 1.13772107e+03, 3.25335175e+02, 1.20597876e+03,
       3.23830658e+02, 1.27439587e+03, 3.22353607e+02, 1.34340955e+03,
       3.20807373e+02, 5.78542908e+02, 3.96316315e+02, 6.50622986e+02,
       3.95571686e+02, 7.22665161e+02, 3.94857025e+02, 7.93613464e+02,
       3.94335266e+02, 8.64366760e+02, 3.93572998e+02, 9.33695435e+02,
       3.92638306e+02, 1.00338721e+03, 3.91650482e+02, 1.07211621e+03,
       3.90484619e+02, 1.14144836e+03, 3.89247131e+02, 1.21041138e+03,
       3.87627350e+02, 1.27963000e+03, 3.86237000e+02, 1.34964807e+03,
       3.84551025e+02, 5.75383789e+02, 4.62753754e+02, 6.48508057e+02,
       4.61722748e+02, 7.21579285e+02, 4.60733002e+02, 7.93418091e+02,
       4.59769989e+02, 8.64865784e+02, 4.58747925e+02, 9.35269470e+02,
       4.57679901e+02, 1.00544928e+03, 4.56578613e+02, 1.07505908e+03,
       4.55328186e+02, 1.14510059e+03, 4.53842163e+02, 1.21495447e+03,
       4.52541931e+02, 1.28525012e+03, 4.50894775e+02, 1.35619141e+03,
       4.49525757e+02, 5.71987915e+02, 5.31481384e+02, 6.46225830e+02,
       5.30186462e+02, 7.20260803e+02, 5.28805237e+02, 7.93066711e+02,
       5.27515564e+02, 8.65429016e+02, 5.26234863e+02, 9.36544434e+02,
       5.24743286e+02, 1.00759528e+03, 5.23499512e+02, 1.07808179e+03,
       5.22250122e+02, 1.14917444e+03, 5.20740540e+02, 1.21988977e+03,
       5.19390137e+02, 1.29107495e+03, 5.17935181e+02, 1.36300415e+03,
       5.16476318e+02, 5.68292969e+02, 6.01690369e+02, 6.43465210e+02,
       5.99924683e+02, 7.18518677e+02, 5.98256104e+02, 7.92366943e+02,
       5.96530762e+02, 8.65640320e+02, 5.94744507e+02, 9.37732178e+02,
       5.93330872e+02, 1.00988892e+03, 5.91656189e+02, 1.08142249e+03,
       5.90341736e+02, 1.15330920e+03, 5.88791443e+02, 1.22516626e+03,
       5.87590637e+02, 1.29728503e+03, 5.86271179e+02, 1.37020264e+03,
       5.84866272e+02, 5.64312683e+02, 6.74430542e+02, 6.40411438e+02,
       6.72437134e+02, 7.16583313e+02, 6.70295410e+02, 7.91460815e+02,
       6.68211121e+02, 8.65865845e+02, 6.66132629e+02, 9.39120972e+02,
       6.64333984e+02, 1.01239844e+03, 6.62550110e+02, 1.08470142e+03,
       6.60970276e+02, 1.15773511e+03, 6.59655334e+02, 1.23068347e+03,
       6.58377197e+02, 1.30391296e+03, 6.57087158e+02, 1.37773621e+03,
       6.55725769e+02, 5.41171448e+02, 3.97662964e+02, 6.06931763e+02,
       3.97986389e+02, 6.72781921e+02, 3.98551788e+02, 7.37750916e+02,
       3.99240356e+02, 8.02685120e+02, 3.99655457e+02, 8.66582153e+02,
       4.00178436e+02, 9.30497986e+02, 4.00452484e+02, 9.93703369e+02,
       4.00565369e+02, 1.05722827e+03, 4.00577271e+02, 1.12037427e+03,
       4.00409363e+02, 1.18364124e+03, 4.00144012e+02, 1.24782227e+03,
       3.99721710e+02, 5.43908569e+02, 4.62331665e+02, 6.09250061e+02,
       4.62672729e+02, 6.74798584e+02, 4.62960175e+02, 7.39497986e+02,
