%YAML:1.0
---
R: !!opencv-matrix
   rows: 3
   cols: 3
   dt: d
   data: [ 8.9598031176400017e-01, -1.9498101824694032e-02,
       4.4366553275696213e-01, 1.5476597575690892e-02,
       9.9979977499101236e-01, 1.2684039396069446e-02,
       -4.4382401451337133e-01, -4.4982166638331544e-03,
       8.9610267837345514e-01 ]
T: !!opencv-matrix
   rows: 3
   cols: 1
   dt: d
   data: [ -1.0009836477428429e+01, -3.3571617528020833e-02,
       4.0920920726500833e+00 ]
R1: !!opencv-matrix
   rows: 3
   cols: 3
   dt: d
   data: [ 9.9734401733367428e-01, -1.3242134871248371e-02,
       7.1620925383432954e-02, 1.2811799224342292e-02,
       9.9989702812972647e-01, 6.4645910911864616e-03,
       -7.1699155429912481e-02, -5.5298283330292419e-03,
       9.9741097452817529e-01 ]
R2: !!opencv-matrix
   rows: 3
   cols: 3
   dt: d
   data: [ 9.2563453609746926e-01, 3.1044511752678044e-03,
       -3.7840595656850223e-01, -5.1488579548712131e-03,
       9.9997710392717831e-01, -4.3910002475359066e-03,
       3.7838366091228537e-01, 6.0128199967801549e-03,
       9.2562932707985368e-01 ]
P1: !!opencv-matrix
   rows: 3
   cols: 4
   dt: d
   data: [ -6.1242397649183527e+04, 0., 2.3798542724609375e+04, 0., 0.,
       -6.1242397649183527e+04, 8.5121905517578125e+02, 0., 0., 0., 1.,
       0. ]
P2: !!opencv-matrix
   rows: 3
   cols: 4
   dt: d
   data: [ -6.1242397649183527e+04, 0., 2.3798542724609375e+04,
       6.6227691604780685e+05, 0., -6.1242397649183527e+04,
       8.5121905517578125e+02, 0., 0., 0., 1., 0. ]
Q: !!opencv-matrix
   rows: 4
   cols: 4
   dt: d
   data: [ 1., 0., 0., -2.3798542724609375e+04, 0., 1., 0.,
       -8.5121905517578125e+02, 0., 0., 0., -6.1242397649183527e+04, 0.,
       0., 9.2472493250486038e-02, 0. ]
