%YAML:1.0
---
M1: !!opencv-matrix
   rows: 3
   cols: 3
   dt: d
   data: [ 3.8074482567648429e+03, 0., 2.0240331890936473e+03, 0.,
       3.7926375572574643e+03, 1.1795968636504640e+03, 0., 0., 1. ]
D1: !!opencv-matrix
   rows: 1
   cols: 14
   dt: d
   data: [ 5.2371513472915998e-01, -2.4980983289623598e+01, 0., 0., 0.,
       0., 0., -4.4578175141860407e+02, 0., 0., 0., 0., 0., 0. ]
M2: !!opencv-matrix
   rows: 3
   cols: 3
   dt: d
   data: [ 3.8074482567648429e+03, 0., 1.7478822359719065e+03, 0.,
       3.7926375572574643e+03, 1.1355579102943821e+03, 0., 0., 1. ]
D2: !!opencv-matrix
   rows: 1
   cols: 14
   dt: d
   data: [ -6.9864766592743943e-01, 2.6410160093382174e+01, 0., 0., 0.,
       0., 0., 2.1732384781216319e+02, 0., 0., 0., 0., 0., 0. ]
