%YAML:1.0
---
R: !!opencv-matrix
   rows: 3
   cols: 3
   dt: d
   data: [ 8.9598029514409716e-01, -1.9498054512348966e-02,
       4.4366556840003940e-01, 1.5476573343879484e-02,
       9.9979977610285520e-01, 1.2683981323394607e-02,
       -4.4382404891018251e-01, -4.4981746202401212e-03,
       8.9610266154836171e-01 ]
T: !!opencv-matrix
   rows: 3
   cols: 1
   dt: d
   data: [ -2.2244082165568923e+02, -7.4603128392592577e-01,
       9.0935382903776087e+01 ]
R1: !!opencv-matrix
   rows: 3
   cols: 3
   dt: d
   data: [ 9.9734401437084375e-01, -1.3242126570420752e-02,
       7.1620968176529159e-02, 1.2811792504156708e-02,
       9.9989702838129713e-01, 6.4645654983273414e-03,
       -7.1699197844054513e-02, -5.5298027220405397e-03,
       9.9741097162121417e-01 ]
R2: !!opencv-matrix
   rows: 3
   cols: 3
   dt: d
   data: [ 9.2563453761731762e-01, 3.1044316299717548e-03,
       -3.7840595301108770e-01, -5.1488280106403283e-03,
       9.9997710417593288e-01, -4.3909787101053827e-03,
       3.7838365760176745e-01, 6.0127887182724188e-03,
       9.2562932863632719e-01 ]
P1: !!opencv-matrix
   rows: 3
   cols: 4
   dt: d
   data: [ -6.1242303640761238e+04, 0., 2.3798526245117188e+04, 0., 0.,
       -6.1242303640761238e+04, 8.5122357177734375e+02, 0., 0., 0., 1.,
       0. ]
P2: !!opencv-matrix
   rows: 3
   cols: 4
   dt: d
   data: [ -6.1242303640761238e+04, 0., 2.3798526245117188e+04,
       1.4717242916415645e+07, 0., -6.1242303640761238e+04,
       8.5122357177734375e+02, 0., 0., 0., 1., 0. ]
Q: !!opencv-matrix
   rows: 4
   cols: 4
   dt: d
   data: [ 1., 0., 0., -2.3798526245117188e+04, 0., 1., 0.,
       -8.5122357177734375e+02, 0., 0., 0., -6.1242303640761238e+04, 0.,
       0., 4.1612619964607250e-03, 0. ]
