%YAML:1.0
---
R: !!opencv-matrix
   rows: 3
   cols: 3
   dt: d
   data: [ 8.9729950425160832e-01, -1.9007843118746343e-02,
       4.4101281338504356e-01, 1.6501262513131831e-02,
       9.9981853594583314e-01, 9.5185878471270996e-03,
       -4.4111371323649734e-01, -1.2637559510811098e-03,
       8.9745033005487573e-01 ]
T: !!opencv-matrix
   rows: 3
   cols: 1
   dt: d
   data: [ -2.2270788967781829e+02, -9.8977643589887321e-01,
       9.0227083025252625e+01 ]
R1: !!opencv-matrix
   rows: 3
   cols: 3
   dt: d
   data: [ 9.9733428552277581e-01, -1.3023996577877839e-02,
       7.1796228549372093e-02, 1.2717505863603248e-02,
       9.9990796836025964e-01, 4.7243893009657287e-03,
       -7.1851151454819823e-02, -3.7987264704488610e-03,
       9.9740813196595679e-01 ]
R2: !!opencv-matrix
   rows: 3
   cols: 3
   dt: d
   data: [ 9.2681817479944451e-01, 4.1190403766403275e-03,
       -3.7548782186350871e-01, -5.5111658719029536e-03,
       9.9998134542388006e-01, -2.6336011426902348e-03,
       3.7546996938791100e-01, 4.5102450733872429e-03,
       9.2682358611400228e-01 ]
P1: !!opencv-matrix
   rows: 3
   cols: 4
   dt: d
   data: [ -1.5181150019033877e+04, 0., 5.9122453308105469e+03, 0., 0.,
       -1.5181150019033877e+04, 2.6206451416015625e+02, 0., 0., 0., 1.,
       0. ]
P2: !!opencv-matrix
   rows: 3
   cols: 4
   dt: d
   data: [ -1.5181150019033877e+04, 0., 5.9122453308105469e+03,
       3.6479235901400158e+06, 0., -1.5181150019033877e+04,
       2.6206451416015625e+02, 0., 0., 0., 1., 0. ]
Q: !!opencv-matrix
   rows: 4
   cols: 4
   dt: d
   data: [ 1., 0., 0., -5.9122453308105469e+03, 0., 1., 0.,
       -2.6206451416015625e+02, 0., 0., 0., -1.5181150019033877e+04, 0.,
       0., 4.1615866242557973e-03, 0. ]
