%YAML:1.0
---
M1: !!opencv-matrix
   rows: 3
   cols: 3
   dt: d
   data: [ 3.8074481287100411e+03, 0., 2.0240334972232376e+03, 0.,
       3.7926375354889874e+03, 1.1795964612625960e+03, 0., 0., 1. ]
D1: !!opencv-matrix
   rows: 1
   cols: 14
   dt: d
   data: [ 5.2372080548944067e-01, -2.4981259589368850e+01, 0., 0., 0.,
       0., 0., -4.4578570410355417e+02, 0., 0., 0., 0., 0., 0. ]
M2: !!opencv-matrix
   rows: 3
   cols: 3
   dt: d
   data: [ 3.8074481287100411e+03, 0., 1.7478823949563077e+03, 0.,
       3.7926375354889874e+03, 1.1355577144860677e+03, 0., 0., 1. ]
D2: !!opencv-matrix
   rows: 1
   cols: 14
   dt: d
   data: [ -6.9864157565002538e-01, 2.6409921657396268e+01, 0., 0., 0.,
       0., 0., 2.1732121032603604e+02, 0., 0., 0., 0., 0., 0. ]
