%YAML:1.0
---
M1: !!opencv-matrix
   rows: 3
   cols: 3
   dt: d
   data: [ 9.5171234123153260e+02, 0., 5.0577625089312096e+02, 0.,
       9.4720444963771456e+02, 2.9340514505845607e+02, 0., 0., 1. ]
D1: !!opencv-matrix
   rows: 1
   cols: 14
   dt: d
   data: [ 5.3434183707275340e-01, -2.5476571711662853e+01, 0., 0., 0.,
       0., 0., -4.5316215102698982e+02, 0., 0., 0., 0., 0., 0. ]
M2: !!opencv-matrix
   rows: 3
   cols: 3
   dt: d
   data: [ 9.5171234123153260e+02, 0., 4.3966286585626750e+02, 0.,
       9.4720444963771456e+02, 2.8569274976029976e+02, 0., 0., 1. ]
D2: !!opencv-matrix
   rows: 1
   cols: 14
   dt: d
   data: [ -6.6717329410074377e-01, 2.6338014895424262e+01, 0., 0., 0.,
       0., 0., 2.1696808149887588e+02, 0., 0., 0., 0., 0., 0. ]
